89.38811082823511 -136.33068801846974 -0.17129448865252261
-52.69612097784582 -162.474501879239 -0.8354593106297301
28.82330325636663 -151.2203246791754 -0.6082851378867811
-40.99226528603372 100.11982510061051 -0.8790146840944316
128.26138493462506 -165.3703361478105 -0.044805736930614626
-3.5980911578087245 1.925482828279769 -0.400755291211841
114.37334922499764 -123.41715172471453 -0.6105452431611467
82.5893025959333 -169.58834756660133 -0.471004896790263
156.5205270502067 34.350408226996365 -0.030657372797534554
86.96534919249933 -75.59643857934397 -0.5101517631599335
54.108167674913034 55.233553291331646 -0.47662060765265163
-50.40217460354082 -61.63592348533216 -0.3599549649728385
92.66109960228911 23.481669570736216 -0.42803870828066665
58.31495241512022 -69.03728943221131 -0.32180549848241713
117.44662405975726 -149.166771124457 -0.26698069928172563
-29.654418011713965 -62.989486614353865 -0.3202908555757371
109.64350184560143 -90.05085869767949 -0.5944534164773945
-47.99095832714746 -14.992843146039121 -0.5155583549260402
198.81445049950958 -123.05216777720719 -0.33933057001935363
-72.75995336514568 71.29641541534133 -0.7689229570954053
-18.41297951464675 47.03619720817133 -0.6316319049912327
129.5750381966524 -24.26335817949871 -0.40425642273808904
199.46081894743475 -33.152352413354095 -0.2470787195011932
-11.360459211957448 92.89157284095262 -0.7647510529702937
18.334586122470625 -147.93823828745354 -0.7811729692287694
-56.35816041728892 11.889070708861652 -0.37655639206104197
168.0546633532287 -150.5053601075836 -0.0066043021704002
-48.508684040194424 15.994158748431431 -0.3510593356359878
40.74684911105467 20.607585149514847 -0.3640117156664726
1.2195493112055829 -60.10474900359121 -0.521751526056523
